32
0 1210 1167 1633 1887 1194 1952 1104 1162 1902 1046 2007 1713 1839 1838 1628 1212 1787 1919 1696 1897 1286 1120 1053 1612 1241 1061 1810 1314 1250 1775 1759 
1210 0 1310 1243 1644 1505 1047 1050 2002 1316 1341 1147 1933 1568 1675 1558 1359 1383 1141 1342 1127 1075 1260 1586 1390 1616 1153 1461 1494 1361 1198 1197 
1167 1310 0 1209 1762 1962 1859 1409 1845 2004 1635 1830 1497 1218 2046 1912 1576 1563 1627 1262 1940 1681 1827 1942 1522 1276 1954 1176 1537 1083 1916 1166 
1633 1243 1209 0 1679 1752 1351 1896 1624 1256 1596 1657 1058 1203 1589 1531 1454 1911 1626 1039 1782 1479 1219 1758 1913 1225 2010 1578 1470 1842 1144 1118 
1887 1644 1762 1679 0 1343 1565 1040 1691 1174 1433 1436 1805 1231 1638 1670 1398 1551 1968 1255 1044 1647 1228 1272 1658 1423 1978 1746 1263 1160 1323 1992 
1194 1505 1962 1752 1343 0 1490 1530 1108 1146 1722 1990 1768 1340 1824 1580 1536 1854 1800 1519 1951 1032 1159 1648 1150 1650 1324 1387 1550 2019 1367 1139 
1952 1047 1859 1351 1565 1490 0 1803 1368 2009 1063 1114 1105 1109 1376 1481 1546 1885 1427 1754 1452 2027 1640 1317 1185 1745 1264 1374 1849 1334 1620 1097 
1104 1050 1409 1896 1040 1530 1803 0 1033 1504 1708 1532 1988 1172 1961 1399 1856 1946 1249 1840 2041 1798 1980 1329 1935 1413 1348 1515 1672 1480 1776 1744 
1162 2002 1845 1624 1691 1108 1368 1033 0 2014 1297 1594 1753 1791 2031 1707 1365 1828 1755 1527 1577 1171 1924 2044 2013 1510 1113 1783 1917 1651 2022 2028 
1902 1316 2004 1256 1174 1146 2009 1504 2014 0 1311 1634 1254 1208 1338 1407 1676 1516 1344 1629 1579 1732 1327 1972 1625 1573 1439 1493 1965 1860 1987 1517 
1046 1341 1635 1596 1433 1722 1063 1708 1297 1311 0 1835 1485 1819 1284 1394 1617 1983 1038 1689 1179 1036 1054 1253 1244 1087 1881 1603 1659 1998 1217 1328 
2007 1147 1830 1657 1436 1990 1114 1532 1594 1634 1835 0 1221 1790 1748 1449 1085 1955 1068 1927 1780 1804 1129 1048 1238 1132 1886 1136 1393 1921 1137 1035 
1713 1933 1497 1058 1805 1768 1105 1988 1753 1254 1485 1221 0 1553 1412 1857 1769 1639 1110 1181 1078 1843 1699 1233 1864 1587 1663 1974 1064 1868 1392 1437 
1839 1568 1218 1203 1231 1340 1109 1172 1791 1208 1819 1790 1553 0 1214 1623 1401 1863 1301 1818 1337 1693 1370 1761 1991 1037 1086 1931 1943 1766 1660 1458 
1838 1675 2046 1589 1638 1824 1376 1961 2031 1338 1284 1748 1412 1214 0 1299 1116 2036 1876 1811 1667 1098 1126 1283 1168 1149 1066 1446 1561 1257 1601 1469 
1628 1558 1912 1531 1670 1580 1481 1399 1707 1407 1394 1449 1857 1623 1299 0 1195 1186 1300 1778 1419 1100 1271 1282 1706 1117 1489 1982 2021 1133 1591 1643 
1212 1359 1576 1454 1398 1536 1546 1856 1365 1676 1617 1085 1769 1401 1116 1195 0 1106 1163 1944 2008 1622 1363 1499 1799 1597 2011 1247 1525 1879 1694 1451 
1787 1383 1563 1911 1551 1854 1885 1946 1828 1516 1983 1955 1639 1863 2036 1186 1106 0 1321 1705 1057 1115 1909 1184 1711 1792 1270 1939 1773 1604 1447 1119 
1919 1141 1627 1626 1968 1800 1427 1249 1755 1344 1038 1068 1110 1301 1876 1300 1163 1321 0 1953 1261 1740 1213 2030 1823 1698 1079 1734 1397 1809 1384 1027 
1696 1342 1262 1039 1255 1519 1754 1840 1527 1629 1689 1927 1181 1818 1811 1778 1944 1705 1953 0 1948 1215 1360 1135 2040 1096 1571 1971 1685 1431 1851 1274 
1897 1127 1940 1782 1044 1951 1452 2041 1577 1579 1179 1780 1078 1337 1667 1419 2008 1057 1261 1948 0 1544 1907 1528 1967 1406 1564 1611 1915 1981 1182 1817 
1286 1075 1681 1479 1647 1032 2027 1798 1171 1732 1036 1804 1843 1693 1098 1100 1622 1115 1740 1215 1544 0 1125 1630 1438 1937 1418 1402 1287 1869 1207 1861 
1120 1260 1827 1219 1228 1159 1640 1980 1924 1327 1054 1129 1699 1370 1126 1271 1363 1909 1213 1360 1907 1125 0 1682 1941 1196 1364 1128 1610 1258 2012 1154 
1053 1586 1942 1758 1272 1648 1317 1329 2044 1972 1253 1048 1233 1761 1283 1282 1499 1184 2030 1135 1528 1630 1682 0 1358 1677 1165 1034 1567 1045 1930 1280 
1612 1390 1522 1913 1658 1150 1185 1935 2013 1625 1244 1238 1864 1991 1168 1706 1799 1711 1823 2040 1967 1438 1941 1358 0 1684 1874 1511 1352 1325 1562 1380 
1241 1616 1276 1225 1423 1650 1745 1413 1510 1573 1087 1132 1587 1037 1149 1117 1597 1792 1698 1096 1406 1937 1196 1677 1684 0 1295 1514 1719 1245 1718 1468 
1061 1153 1954 2010 1978 1324 1264 1348 1113 1439 1881 1886 1663 1086 1066 1489 2011 1270 1079 1571 1564 1418 1364 1165 1874 1295 0 1513 1779 1993 1880 1226 
1810 1461 1176 1578 1746 1387 1374 1515 1783 1493 1603 1136 1974 1931 1446 1982 1247 1939 1734 1971 1611 1402 1128 1034 1511 1514 1513 0 1462 1456 1542 1908 
1314 1494 1537 1470 1263 1550 1849 1672 1917 1965 1659 1393 1064 1943 1561 2021 1525 1773 1397 1685 1915 1287 1610 1567 1352 1719 1779 1462 0 1122 1730 1471 
1250 1361 1083 1842 1160 2019 1334 1480 1651 1860 1998 1921 1868 1766 1257 1133 1879 1604 1809 1431 1981 1869 1258 1045 1325 1245 1993 1456 1122 0 1906 1949 
1775 1198 1916 1144 1323 1367 1620 1776 2022 1987 1217 1137 1392 1660 1601 1591 1694 1447 1384 1851 1182 1207 2012 1930 1562 1718 1880 1542 1730 1906 0 1030 
1759 1197 1166 1118 1992 1139 1097 1744 2028 1517 1328 1035 1437 1458 1469 1643 1451 1119 1027 1274 1817 1861 1154 1280 1380 1468 1226 1908 1471 1949 1030 0 
