20
0.00 1.35 0.83 1.62 1.69 1.55 1.04 1.51 1.09 1.41 1.23 0.77 0.90 1.34 0.43 0.43 1.62 1.24 0.33 0.58
1.35 0.00 0.83 1.14 0.84 0.61 1.04 0.30 1.37 0.90 0.88 0.72 1.62 1.18 1.39 1.57 0.71 0.68 1.74 1.42
0.83 0.83 0.00 1.32 1.46 0.79 1.41 1.22 0.77 0.79 0.56 0.54 1.35 0.85 1.03 1.17 0.98 0.54 1.22 0.80
1.62 1.14 1.32 0.00 0.56 0.85 1.23 0.88 0.97 0.78 0.72 1.22 0.82 1.03 1.56 1.48 0.81 0.93 1.04 1.28
1.69 0.84 1.46 0.56 0.00 0.84 0.58 0.53 1.01 0.53 1.15 1.46 1.18 1.07 1.45 1.28 0.89 1.07 1.44 1.16
1.55 0.61 0.79 0.85 0.84 0.00 1.21 0.59 1.07 0.72 0.67 0.86 0.80 0.59 1.19 1.64 0.24 0.82 1.69 0.88
1.04 1.04 1.41 1.23 0.58 1.21 0.00 0.59 0.87 0.81 1.20 1.72 1.06 1.13 1.26 0.94 1.38 1.24 0.96 0.69
1.51 0.30 1.22 0.88 0.53 0.59 0.59 0.00 1.09 0.90 0.62 1.15 1.44 1.00 1.64 1.62 0.89 1.15 1.59 1.02
1.09 1.37 0.77 0.97 1.01 1.07 0.87 1.09 0.00 0.56 0.56 0.82 1.10 0.42 1.00 0.78 1.11 0.85 0.67 0.67
1.41 0.90 0.79 0.78 0.53 0.72 0.81 0.90 0.56 0.00 0.98 1.02 1.11 1.05 1.37 1.40 0.91 0.33 1.20 0.87
1.23 0.88 0.56 0.72 1.15 0.67 1.20 0.62 0.56 0.98 0.00 0.78 1.30 0.61 1.51 1.46 1.02 1.08 1.14 0.69
0.77 0.72 0.54 1.22 1.46 0.86 1.72 1.15 0.82 1.02 0.78 0.00 1.29 0.82 0.63 0.92 0.81 0.71 0.98 1.13
0.90 1.62 1.35 0.82 1.18 0.80 1.06 1.44 1.10 1.11 1.30 1.29 0.00 0.85 0.62 0.85 0.69 1.13 0.65 0.77
1.34 1.18 0.85 1.03 1.07 0.59 1.13 1.00 0.42 1.05 0.61 0.82 0.85 0.00 0.75 0.81 0.44 1.11 1.15 0.94
0.43 1.39 1.03 1.56 1.45 1.19 1.26 1.64 1.00 1.37 1.51 0.63 0.62 0.75 0.00 0.19 0.88 1.18 0.61 0.95
0.43 1.57 1.17 1.48 1.28 1.64 0.94 1.62 0.78 1.40 1.46 0.92 0.85 0.81 0.19 0.00 1.28 1.34 0.39 0.97
1.62 0.71 0.98 0.81 0.89 0.24 1.38 0.89 1.11 0.91 1.02 0.81 0.69 0.44 0.88 1.28 0.00 0.70 1.59 1.42
1.24 0.68 0.54 0.93 1.07 0.82 1.24 1.15 0.85 0.33 1.08 0.71 1.13 1.11 1.18 1.34 0.70 0.00 1.20 1.35
0.33 1.74 1.22 1.04 1.44 1.69 0.96 1.59 0.67 1.20 1.14 0.98 0.65 1.15 0.61 0.39 1.59 1.20 0.00 0.71
0.58 1.42 0.80 1.28 1.16 0.88 0.69 1.02 0.67 0.87 0.69 1.13 0.77 0.94 0.95 0.97 1.42 1.35 0.71 0.00
